-0.0001
 0.0000
 0.0004
 0.0013
 0.0028
 0.0047
 0.0068
 0.0085
 0.0090
 0.0078
 0.0050
 0.0008
-0.0036
-0.0067
-0.0075
-0.0053
-0.0007
 0.0048
 0.0091
 0.0101
 0.0069
 0.0002
-0.0077
-0.0137
-0.0147
-0.0094
 0.0010
 0.0131
 0.0219
 0.0228
 0.0135
-0.0043
-0.0250
-0.0402
-0.0414
-0.0229
 0.0158
 0.0692
 0.1265
 0.1748
 0.2024
 0.2024
 0.1748
 0.1265
 0.0692
 0.0158
-0.0229
-0.0414
-0.0402
-0.0250
-0.0043
 0.0135
 0.0228
 0.0219
 0.0131
 0.0010
-0.0094
-0.0147
-0.0137
-0.0077
 0.0002
 0.0069
 0.0101
 0.0091
 0.0048
-0.0007
-0.0053
-0.0075
-0.0067
-0.0036
 0.0008
 0.0050
 0.0078
 0.0090
 0.0085
 0.0068
 0.0047
 0.0028
 0.0013
 0.0004
 0.0000
-0.0001